64

647 225 200 820 789 338  72 274 407 577 306 167 928  40 417  86 751 384 697 144
137 823 241 986 665 468 225 121 372 143  86 737  86   4 557 874 341 628 148 748
923 173 633 852 212  50 656 681 153 353 824   8 176 783 993 559 970 936 399  61
797 203 797 882

60

206 354 757 547 700 623  14 623 514 646 194 444 414 849 125 566 202 948 292  96
732 285 374 702 940 772 762 737 974 559 620 898 631  96 445 331 437 177 672 951
822 866 395 955 715 520 240 636 187 532 731 637 535 823 339 475 314 819 931   7

10

304 530 283  99 580 567 424 995 790 467 919 332 907  40 812 503 540 613 895 512
320 550 174 859 780 702 492 196 894 261  16 916 510 298  15 808 864 438 804 373
623 442 704 249 481 516 751  21 847 646 251 167 196 425 744 695 845 236 609 458
216 624 374 725

640 107 252 223 263 774 595 885 934 300 852 416 534 603 155 382 968 125 267 882
268  12 296 113 247 904 570 462 247 662 905 886 487 876 827 749 650 142 353 585
160 205 719 693 526 592 793 494 435  61  96 702  72 391 814  37 296 103 499 261
